TABLE NO.     1: NUTS Bayesian Analysis: Problem=1 Subproblem=0 Superproblem1=0 Iteration1=0 Superproblem2=0 Iteration2=0
 NAME         THETA1       THETA2       THETA3       THETA4       THETA5       SIGMA(1,1)   OMEGA(1,1)   OMEGA(2,1)   OMEGA(2,2)   OMEGA(3,1)   OMEGA(3,2)   OMEGA(3,3)   OMEGA(4,1)   OMEGA(4,2)   OMEGA(4,3)   OMEGA(4,4)   OMEGA(5,1)   OMEGA(5,2)   OMEGA(5,3)   OMEGA(5,4)   OMEGA(5,5)
 THETA1        6.10813E+02 -4.25572E+02 -3.96900E+02  8.21653E+01  2.07156E+02 -1.52218E+02 -2.81180E+02 -5.71708E+01  2.57174E+02 -8.99781E+00  2.72393E+02  1.83546E+02  0.00000E+00  0.00000E+00  0.00000E+00  0.00000E+00  0.00000E+00  0.00000E+00  0.00000E+00  0.00000E+00  0.00000E+00
 THETA2       -4.25572E+02  2.75093E+03 -6.25692E+02  1.22605E+02  5.03406E+02 -1.75211E+03  1.36034E+02  4.85269E+02 -8.96617E+01 -1.45963E+02 -1.19330E+02 -3.92300E+02  0.00000E+00  0.00000E+00  0.00000E+00  0.00000E+00  0.00000E+00  0.00000E+00  0.00000E+00  0.00000E+00  0.00000E+00
 THETA3       -3.96900E+02 -6.25692E+02  1.38950E+03 -2.09340E+02 -3.45962E+02  4.00087E+02  2.89084E+02 -5.33464E+02 -4.39938E+01  1.58561E+01 -2.35168E+02  4.35656E+01  0.00000E+00  0.00000E+00  0.00000E+00  0.00000E+00  0.00000E+00  0.00000E+00  0.00000E+00  0.00000E+00  0.00000E+00
 THETA4        8.21653E+01  1.22605E+02 -2.09340E+02  1.74138E+03 -2.38018E+02 -5.96699E+03 -3.70163E+01  1.42673E+02  2.81467E+02 -1.67768E+02 -5.26938E+01 -7.33098E+01  0.00000E+00  0.00000E+00  0.00000E+00  0.00000E+00  0.00000E+00  0.00000E+00  0.00000E+00  0.00000E+00  0.00000E+00
 THETA5        2.07156E+02  5.03406E+02 -3.45962E+02 -2.38018E+02  9.76432E+02 -3.00922E+02 -1.59097E+02 -2.14014E+02  7.34961E+01  1.98926E+02  4.20790E+01 -7.84910E-01  0.00000E+00  0.00000E+00  0.00000E+00  0.00000E+00  0.00000E+00  0.00000E+00  0.00000E+00  0.00000E+00  0.00000E+00
 SIGMA(1,1)   -1.52218E+02 -1.75211E+03  4.00087E+02 -5.96699E+03 -3.00922E+02  7.64583E+05  2.19802E+03 -5.08755E+03 -4.06415E+03 -1.11164E+03  6.97745E+03 -9.21694E+02  0.00000E+00  0.00000E+00  0.00000E+00  0.00000E+00  0.00000E+00  0.00000E+00  0.00000E+00  0.00000E+00  0.00000E+00
 OMEGA(1,1)   -2.81180E+02  1.36034E+02  2.89084E+02 -3.70163E+01 -1.59097E+02  2.19802E+03  9.39423E+02 -1.36810E+03  2.69839E+02 -7.18511E+02  1.14438E+02  1.75115E+02  0.00000E+00  0.00000E+00  0.00000E+00  0.00000E+00  0.00000E+00  0.00000E+00  0.00000E+00  0.00000E+00  0.00000E+00
 OMEGA(2,1)   -5.71708E+01  4.85269E+02 -5.33464E+02  1.42673E+02 -2.14014E+02 -5.08755E+03 -1.36810E+03  9.98570E+03 -5.66541E+03 -1.51211E+03 -6.33980E+02  9.24175E+02  0.00000E+00  0.00000E+00  0.00000E+00  0.00000E+00  0.00000E+00  0.00000E+00  0.00000E+00  0.00000E+00  0.00000E+00
 OMEGA(2,2)    2.57174E+02 -8.96617E+01 -4.39938E+01  2.81467E+02  7.34961E+01 -4.06415E+03  2.69839E+02 -5.66541E+03  1.64347E+04  1.74984E+03 -9.24932E+03  1.71358E+03  0.00000E+00  0.00000E+00  0.00000E+00  0.00000E+00  0.00000E+00  0.00000E+00  0.00000E+00  0.00000E+00  0.00000E+00
 OMEGA(3,1)   -8.99781E+00 -1.45963E+02  1.58561E+01 -1.67768E+02  1.98926E+02 -1.11164E+03 -7.18511E+02 -1.51211E+03  1.74984E+03  3.95051E+03 -2.08842E+03 -1.58271E+03  0.00000E+00  0.00000E+00  0.00000E+00  0.00000E+00  0.00000E+00  0.00000E+00  0.00000E+00  0.00000E+00  0.00000E+00
 OMEGA(3,2)    2.72393E+02 -1.19330E+02 -2.35168E+02 -5.26938E+01  4.20790E+01  6.97745E+03  1.14438E+02 -6.33980E+02 -9.24932E+03 -2.08842E+03  1.92962E+04 -5.20787E+03  0.00000E+00  0.00000E+00  0.00000E+00  0.00000E+00  0.00000E+00  0.00000E+00  0.00000E+00  0.00000E+00  0.00000E+00
 OMEGA(3,3)    1.83546E+02 -3.92300E+02  4.35656E+01 -7.33098E+01 -7.84910E-01 -9.21694E+02  1.75115E+02  9.24175E+02  1.71358E+03 -1.58271E+03 -5.20787E+03  5.15765E+03  0.00000E+00  0.00000E+00  0.00000E+00  0.00000E+00  0.00000E+00  0.00000E+00  0.00000E+00  0.00000E+00  0.00000E+00
 OMEGA(4,1)    0.00000E+00  0.00000E+00  0.00000E+00  0.00000E+00  0.00000E+00  0.00000E+00  0.00000E+00  0.00000E+00  0.00000E+00  0.00000E+00  0.00000E+00  0.00000E+00  0.00000E+00  0.00000E+00  0.00000E+00  0.00000E+00  0.00000E+00  0.00000E+00  0.00000E+00  0.00000E+00  0.00000E+00
 OMEGA(4,2)    0.00000E+00  0.00000E+00  0.00000E+00  0.00000E+00  0.00000E+00  0.00000E+00  0.00000E+00  0.00000E+00  0.00000E+00  0.00000E+00  0.00000E+00  0.00000E+00  0.00000E+00  0.00000E+00  0.00000E+00  0.00000E+00  0.00000E+00  0.00000E+00  0.00000E+00  0.00000E+00  0.00000E+00
 OMEGA(4,3)    0.00000E+00  0.00000E+00  0.00000E+00  0.00000E+00  0.00000E+00  0.00000E+00  0.00000E+00  0.00000E+00  0.00000E+00  0.00000E+00  0.00000E+00  0.00000E+00  0.00000E+00  0.00000E+00  0.00000E+00  0.00000E+00  0.00000E+00  0.00000E+00  0.00000E+00  0.00000E+00  0.00000E+00
 OMEGA(4,4)    0.00000E+00  0.00000E+00  0.00000E+00  0.00000E+00  0.00000E+00  0.00000E+00  0.00000E+00  0.00000E+00  0.00000E+00  0.00000E+00  0.00000E+00  0.00000E+00  0.00000E+00  0.00000E+00  0.00000E+00  0.00000E+00  0.00000E+00  0.00000E+00  0.00000E+00  0.00000E+00  0.00000E+00
 OMEGA(5,1)    0.00000E+00  0.00000E+00  0.00000E+00  0.00000E+00  0.00000E+00  0.00000E+00  0.00000E+00  0.00000E+00  0.00000E+00  0.00000E+00  0.00000E+00  0.00000E+00  0.00000E+00  0.00000E+00  0.00000E+00  0.00000E+00  0.00000E+00  0.00000E+00  0.00000E+00  0.00000E+00  0.00000E+00
 OMEGA(5,2)    0.00000E+00  0.00000E+00  0.00000E+00  0.00000E+00  0.00000E+00  0.00000E+00  0.00000E+00  0.00000E+00  0.00000E+00  0.00000E+00  0.00000E+00  0.00000E+00  0.00000E+00  0.00000E+00  0.00000E+00  0.00000E+00  0.00000E+00  0.00000E+00  0.00000E+00  0.00000E+00  0.00000E+00
 OMEGA(5,3)    0.00000E+00  0.00000E+00  0.00000E+00  0.00000E+00  0.00000E+00  0.00000E+00  0.00000E+00  0.00000E+00  0.00000E+00  0.00000E+00  0.00000E+00  0.00000E+00  0.00000E+00  0.00000E+00  0.00000E+00  0.00000E+00  0.00000E+00  0.00000E+00  0.00000E+00  0.00000E+00  0.00000E+00
 OMEGA(5,4)    0.00000E+00  0.00000E+00  0.00000E+00  0.00000E+00  0.00000E+00  0.00000E+00  0.00000E+00  0.00000E+00  0.00000E+00  0.00000E+00  0.00000E+00  0.00000E+00  0.00000E+00  0.00000E+00  0.00000E+00  0.00000E+00  0.00000E+00  0.00000E+00  0.00000E+00  0.00000E+00  0.00000E+00
 OMEGA(5,5)    0.00000E+00  0.00000E+00  0.00000E+00  0.00000E+00  0.00000E+00  0.00000E+00  0.00000E+00  0.00000E+00  0.00000E+00  0.00000E+00  0.00000E+00  0.00000E+00  0.00000E+00  0.00000E+00  0.00000E+00  0.00000E+00  0.00000E+00  0.00000E+00  0.00000E+00  0.00000E+00  0.00000E+00
