TABLE NO.     1: First Order Conditional Estimation with Interaction: Problem=1 Subproblem=0 Superproblem1=0 Iteration1=0 Superproblem2=0 Iteration2=0
 NAME         THETA1       THETA2       THETA3       THETA4       THETA5       THETA6       THETA7       THETA8       SIGMA(1,1)   OMEGA(1,1)   OMEGA(2,1)   OMEGA(2,2)   OMEGA(3,1)   OMEGA(3,2)   OMEGA(3,3)
 THETA1        5.80544E+02 -2.62945E+02 -4.60579E+02  1.86259E+02  3.74647E+02  7.68537E+01  6.32035E+01  2.89858E+01  0.00000E+00  1.07658E+02  1.03104E+02  1.16610E+02 -1.01494E+03 -2.01138E+02  9.02429E+02
 THETA2       -2.62945E+02  3.21842E+03 -1.69834E+03  2.69062E+02  6.83859E+02  7.16491E+01  1.55603E+02  1.52680E+02  0.00000E+00 -3.84047E+01  1.93555E+02 -2.04395E+03  1.42540E+02  2.89187E+03 -1.26831E+03
 THETA3       -4.60579E+02 -1.69834E+03  3.07528E+03 -4.12830E+02 -6.46837E+02 -3.68297E+02 -3.22770E+02 -1.68514E+02  0.00000E+00 -5.50144E+01 -5.48764E+02  1.19747E+03  1.00726E+03 -1.48701E+03 -2.59163E+02
 THETA4        1.86259E+02  2.69062E+02 -4.12830E+02  3.22792E+03 -2.09467E+02 -7.21293E+01 -5.26941E+01 -5.16117E+01  0.00000E+00 -1.73324E+01  2.86891E+02  7.06730E+02 -2.19165E+02 -6.47880E+02  1.78108E+02
 THETA5        3.74647E+02  6.83859E+02 -6.46837E+02 -2.09467E+02  1.53082E+03  1.22799E+02  1.24474E+02  9.25897E+01  0.00000E+00  1.37657E+02 -3.90045E+02 -4.98813E+02 -4.05349E+02 -5.77255E+02  1.12207E+03
 THETA6        7.68537E+01  7.16491E+01 -3.68297E+02 -7.21293E+01  1.22799E+02  7.74449E+02  7.84701E+01 -1.94364E+01  0.00000E+00 -6.71866E+00 -2.86614E+02  4.25419E+02  4.11591E+02  2.29573E+01 -4.45081E+02
 THETA7        6.32035E+01  1.55603E+02 -3.22770E+02 -5.26941E+01  1.24474E+02  7.84701E+01  3.10498E+02  2.37282E+01  0.00000E+00  2.88750E+01  3.68321E+01 -3.96762E+02 -3.68099E+01  7.32071E+02 -4.21805E+02
 THETA8        2.89858E+01  1.52680E+02 -1.68514E+02 -5.16117E+01  9.25897E+01 -1.94364E+01  2.37282E+01  1.57008E+02  0.00000E+00  4.21378E+01 -1.13220E+02  4.55643E+01  4.97115E+00 -8.03496E+01  1.08693E+02
 SIGMA(1,1)    0.00000E+00  0.00000E+00  0.00000E+00  0.00000E+00  0.00000E+00  0.00000E+00  0.00000E+00  0.00000E+00  0.00000E+00  0.00000E+00  0.00000E+00  0.00000E+00  0.00000E+00  0.00000E+00  0.00000E+00
 OMEGA(1,1)    1.07658E+02 -3.84047E+01 -5.50144E+01 -1.73324E+01  1.37657E+02 -6.71866E+00  2.88750E+01  4.21378E+01  0.00000E+00  7.53133E+02 -8.19602E+02  2.74498E+02 -1.25788E+03  7.47721E+02  5.38170E+02
 OMEGA(2,1)    1.03104E+02  1.93555E+02 -5.48764E+02  2.86891E+02 -3.90045E+02 -2.86614E+02  3.68321E+01 -1.13220E+02  0.00000E+00 -8.19602E+02  1.03371E+04 -7.43391E+03 -2.62780E+03 -6.01119E+03  2.17057E+03
 OMEGA(2,2)    1.16610E+02 -2.04395E+03  1.19747E+03  7.06730E+02 -4.98813E+02  4.25419E+02 -3.96762E+02  4.55643E+01  0.00000E+00  2.74498E+02 -7.43391E+03  4.15345E+04  2.30050E+03 -3.96536E+04  1.29253E+04
 OMEGA(3,1)   -1.01494E+03  1.42540E+02  1.00726E+03 -2.19165E+02 -4.05349E+02  4.11591E+02 -3.68099E+01  4.97115E+00  0.00000E+00 -1.25788E+03 -2.62780E+03  2.30050E+03  8.54180E+03 -3.62248E+03 -4.31123E+03
 OMEGA(3,2)   -2.01138E+02  2.89187E+03 -1.48701E+03 -6.47880E+02 -5.77255E+02  2.29573E+01  7.32071E+02 -8.03496E+01  0.00000E+00  7.47721E+02 -6.01119E+03 -3.96536E+04 -3.62248E+03  9.29077E+04 -3.39319E+04
 OMEGA(3,3)    9.02429E+02 -1.26831E+03 -2.59163E+02  1.78108E+02  1.12207E+03 -4.45081E+02 -4.21805E+02  1.08693E+02  0.00000E+00  5.38170E+02  2.17057E+03  1.29253E+04 -4.31123E+03 -3.39319E+04  2.40138E+04
