TABLE NO.     1: First Order Conditional Estimation with Interaction: Problem=1 Subproblem=0 Superproblem1=0 Iteration1=0 Superproblem2=0 Iteration2=0
 NAME         THETA1       THETA2       THETA3       THETA4       THETA5       THETA6       THETA7       THETA8       SIGMA(1,1)   OMEGA(1,1)   OMEGA(2,1)   OMEGA(2,2)   OMEGA(3,1)   OMEGA(3,2)   OMEGA(3,3)
 THETA1        4.42378E-03  1.03679E-03  7.56327E-04 -3.05226E-04 -1.09870E-03 -2.46052E-04 -1.39089E-04 -6.06426E-04  0.00000E+00  7.45197E-04  1.59950E-04  2.08878E-05  5.71782E-04  3.91363E-05  6.15724E-05
 THETA2        1.03679E-03  7.59999E-04  4.59822E-04 -9.08051E-05 -4.33572E-04  7.88979E-05  1.01157E-04 -2.70420E-04  0.00000E+00  7.13211E-05 -1.33354E-05 -6.06094E-06  4.87224E-05 -9.90430E-06  2.91576E-05
 THETA3        7.56327E-04  4.59822E-04  7.69234E-04  2.19728E-05 -1.49494E-04  2.70126E-04  4.11143E-04  3.17193E-04  0.00000E+00 -5.67434E-05  1.96202E-05 -1.63834E-07 -8.34404E-06  9.12563E-06  3.27632E-05
 THETA4       -3.05226E-04 -9.08051E-05  2.19728E-05  3.53862E-04  1.32445E-04  7.61852E-05  9.64401E-05  2.09938E-04  0.00000E+00 -7.39155E-05 -2.08812E-05 -1.18806E-05 -4.07138E-05 -2.37760E-06 -4.76280E-07
 THETA5       -1.09870E-03 -4.33572E-04 -1.49494E-04  1.32445E-04  1.19874E-03 -8.13287E-05 -2.26121E-04 -4.31104E-05  0.00000E+00 -3.00050E-05  1.31882E-04  7.78477E-05 -2.81500E-05  4.52278E-05 -3.97982E-05
 THETA6       -2.46052E-04  7.88979E-05  2.70126E-04  7.61852E-05 -8.13287E-05  1.59336E-03 -8.27295E-05  5.73677E-04  0.00000E+00 -2.94367E-04 -5.60766E-05 -4.42836E-05 -1.85440E-04 -1.65645E-05  2.38492E-05
 THETA7       -1.39089E-04  1.01157E-04  4.11143E-04  9.64401E-05 -2.26121E-04 -8.27295E-05  3.91515E-03 -1.03655E-04  0.00000E+00 -3.61979E-04 -1.08325E-04 -2.66041E-05 -1.00576E-04 -1.84165E-05  8.07069E-05
 THETA8       -6.06426E-04 -2.70420E-04  3.17193E-04  2.09938E-04 -4.31104E-05  5.73677E-04 -1.03655E-04  7.48827E-03  0.00000E+00 -7.11909E-04 -1.44218E-05 -1.78672E-05 -2.67595E-04 -1.05420E-05 -4.87573E-05
 SIGMA(1,1)    0.00000E+00  0.00000E+00  0.00000E+00  0.00000E+00  0.00000E+00  0.00000E+00  0.00000E+00  0.00000E+00  0.00000E+00  0.00000E+00  0.00000E+00  0.00000E+00  0.00000E+00  0.00000E+00  0.00000E+00
 OMEGA(1,1)    7.45197E-04  7.13211E-05 -5.67434E-05 -7.39155E-05 -3.00050E-05 -2.94367E-04 -3.61979E-04 -7.11909E-04  0.00000E+00  3.03572E-03  6.33348E-04  1.75586E-04  8.60491E-04  1.85519E-04  1.65345E-04
 OMEGA(2,1)    1.59950E-04 -1.33354E-05  1.96202E-05 -2.08812E-05  1.31882E-04 -5.60766E-05 -1.08325E-04 -1.44218E-05  0.00000E+00  6.33348E-04  3.86369E-04  1.42548E-04  3.04347E-04  1.31396E-04  9.90736E-05
 OMEGA(2,2)    2.08878E-05 -6.06094E-06 -1.63834E-07 -1.18806E-05  7.78477E-05 -4.42836E-05 -2.66041E-05 -1.78672E-05  0.00000E+00  1.75586E-04  1.42548E-04  9.68162E-05  1.01166E-04  6.86665E-05  4.03950E-05
 OMEGA(3,1)    5.71782E-04  4.87224E-05 -8.34404E-06 -4.07138E-05 -2.81500E-05 -1.85440E-04 -1.00576E-04 -2.67595E-04  0.00000E+00  8.60491E-04  3.04347E-04  1.01166E-04  5.24765E-04  1.35893E-04  1.63606E-04
 OMEGA(3,2)    3.91363E-05 -9.90430E-06  9.12563E-06 -2.37760E-06  4.52278E-05 -1.65645E-05 -1.84165E-05 -1.05420E-05  0.00000E+00  1.85519E-04  1.31396E-04  6.86665E-05  1.35893E-04  8.51486E-05  8.71457E-05
 OMEGA(3,3)    6.15724E-05  2.91576E-05  3.27632E-05 -4.76280E-07 -3.97982E-05  2.38492E-05  8.07069E-05 -4.87573E-05  0.00000E+00  1.65345E-04  9.90736E-05  4.03950E-05  1.63606E-04  8.71457E-05  1.63273E-04
