TABLE NO.     1: First Order Conditional Estimation with Interaction: Problem=1 Subproblem=0 Superproblem1=0 Iteration1=0 Superproblem2=0 Iteration2=0
 NAME         THETA1       THETA2       THETA3       THETA4       THETA5       THETA6       THETA7       THETA8       SIGMA(1,1)   OMEGA(1,1)   OMEGA(2,1)   OMEGA(2,2)   OMEGA(3,1)   OMEGA(3,2)   OMEGA(3,3)
 THETA1        6.65115E-02  5.65441E-01  4.10000E-01 -2.43954E-01 -4.77112E-01 -9.26771E-02 -3.34211E-02 -1.05363E-01  0.00000E+00  2.03350E-01  1.22345E-01  3.19169E-02  3.75277E-01  6.37668E-02  7.24489E-02
 THETA2        5.65441E-01  2.75681E-02  6.01387E-01 -1.75100E-01 -4.54248E-01  7.16972E-02  5.86430E-02 -1.13355E-01  0.00000E+00  4.69549E-02 -2.46093E-02 -2.23439E-02  7.71507E-02 -3.89339E-02  8.27728E-02
 THETA3        4.10000E-01  6.01387E-01  2.77351E-02  4.21152E-02 -1.55680E-01  2.43994E-01  2.36914E-01  1.32161E-01  0.00000E+00 -3.71326E-02  3.59892E-02 -6.00347E-04 -1.31330E-02  3.56570E-02  9.24485E-02
 THETA4       -2.43954E-01 -1.75100E-01  4.21152E-02  1.88112E-02  2.03356E-01  1.01460E-01  8.19345E-02  1.28968E-01  0.00000E+00 -7.13162E-02 -5.64726E-02 -6.41870E-02 -9.44805E-02 -1.36972E-02 -1.98147E-03
 THETA5       -4.77112E-01 -4.54248E-01 -1.55680E-01  2.03356E-01  3.46228E-02 -5.88471E-02 -1.04377E-01 -1.43890E-02  0.00000E+00 -1.57290E-02  1.93786E-01  2.28513E-01 -3.54923E-02  1.41565E-01 -8.99590E-02
 THETA6       -9.26771E-02  7.16972E-02  2.43994E-01  1.01460E-01 -5.88471E-02  3.99169E-02 -3.31230E-02  1.66081E-01  0.00000E+00 -1.33844E-01 -7.14699E-02 -1.12749E-01 -2.02797E-01 -4.49711E-02  4.67583E-02
 THETA7       -3.34211E-02  5.86430E-02  2.36914E-01  8.19345E-02 -1.04377E-01 -3.31230E-02  6.25711E-02 -1.91437E-02  0.00000E+00 -1.04997E-01 -8.80753E-02 -4.32116E-02 -7.01677E-02 -3.18966E-02  1.00944E-01
 THETA8       -1.05363E-01 -1.13355E-01  1.32161E-01  1.28968E-01 -1.43890E-02  1.66081E-01 -1.91437E-02  8.65348E-02  0.00000E+00 -1.49315E-01 -8.47865E-03 -2.09842E-02 -1.34991E-01 -1.32021E-02 -4.40952E-02
 SIGMA(1,1)    0.00000E+00  0.00000E+00  0.00000E+00  0.00000E+00  0.00000E+00  0.00000E+00  0.00000E+00  0.00000E+00  0.00000E+00  0.00000E+00  0.00000E+00  0.00000E+00  0.00000E+00  0.00000E+00  0.00000E+00
 OMEGA(1,1)    2.03350E-01  4.69549E-02 -3.71326E-02 -7.13162E-02 -1.57290E-02 -1.33844E-01 -1.04997E-01 -1.49315E-01  0.00000E+00  5.50974E-02  5.84804E-01  3.23881E-01  6.81763E-01  3.64895E-01  2.34857E-01
 OMEGA(2,1)    1.22345E-01 -2.46093E-02  3.59892E-02 -5.64726E-02  1.93786E-01 -7.14699E-02 -8.80753E-02 -8.47865E-03  0.00000E+00  5.84804E-01  1.96563E-02  7.37033E-01  6.75905E-01  7.24424E-01  3.94456E-01
 OMEGA(2,2)    3.19169E-02 -2.23439E-02 -6.00347E-04 -6.41870E-02  2.28513E-01 -1.12749E-01 -4.32116E-02 -2.09842E-02  0.00000E+00  3.23881E-01  7.37033E-01  9.83952E-03  4.48826E-01  7.56279E-01  3.21289E-01
 OMEGA(3,1)    3.75277E-01  7.71507E-02 -1.31330E-02 -9.44805E-02 -3.54923E-02 -2.02797E-01 -7.01677E-02 -1.34991E-01  0.00000E+00  6.81763E-01  6.75905E-01  4.48826E-01  2.29078E-02  6.42876E-01  5.58932E-01
 OMEGA(3,2)    6.37668E-02 -3.89339E-02  3.56570E-02 -1.36972E-02  1.41565E-01 -4.49711E-02 -3.18966E-02 -1.32021E-02  0.00000E+00  3.64895E-01  7.24424E-01  7.56279E-01  6.42876E-01  9.22760E-03  7.39094E-01
 OMEGA(3,3)    7.24489E-02  8.27728E-02  9.24485E-02 -1.98147E-03 -8.99590E-02  4.67583E-02  1.00944E-01 -4.40952E-02  0.00000E+00  2.34857E-01  3.94456E-01  3.21289E-01  5.58932E-01  7.39094E-01  1.27778E-02
